0
1
2
3
4
5
6
7
8
9
10
11
12
13
14
15
16
17
18
19
20
21
22
23
24
25
26
27
28
7
29
30
31
32
12
33
34
35
36
17
37
38
39
40
22
41
42
43
44
45
46
7
47
48
49
50
12
51
52
53
24
17
54
43
55
56
22
57
58
59
60
61
62
7
63
64
31
65
12
66
10
67
68
17
69
70
71
72
22
73
74
75
60
76
77
7
78
52
71
24
12
79
80
81
30
17
82
83
59
52
22
84
49
85
86
87
88
7
89
90
91
92
12
93
94
80
49
17
95
96
97
31
22
98
99
100
25
101
102
7
103
104
105
24
12
106
107
108
109
17
110
111
112
105
22
113
114
115
116
117
118
7
119
108
120
24
12
121
94
105
122
17
123
124
125
126
22
127
128
129
130
131
132
7
133
134
135
24
12
136
49
137
60
17
138
139
111
140
22
141
72
105
142
143
144
7
145
72
146
19
12
147
148
120
64
17
149
52
108
24
22
150
151
49
16
152
153
7
154
134
59
50
12
155
104
156
157
17
158
159
68
157
22
160
161
80
43
162
163
7
164
83
114
165
12
166
167
168
105
17
169
139
170
171
22
172
53
52
43
173
174
7
175
176
177
19
12
178
179
180
25
17
181
80
159
60
22
182
183
128
71
184
185
7
186
187
188
105
12
189
25
190
122
17
191
192
68
193
22
194
195
49
196
197
198
7
199
200
16
201
12
202
49
203
126
17
204
205
206
64
22
207
139
208
209
